L	5.422953e-01	6.401507e-01	1477010443000000	6.000000e-01	6.000000e-01	2.199937e+00	0	0	6.911322e-03
R	1.219448e+00	6.991167e-01	1.709797e+00	1477010443050000	7.099968e-01	6.000190e-01	2.199747e+00	7.601581e-04	3.455661e-04	1.382155e-02
L	9.667025e-01	4.475816e-01	1477010443100000	8.199842e-01	6.000950e-01	2.199431e+00	2.280027e-03	1.036644e-03	2.072960e-02
R	1.251404e+00	5.654025e-01	1.711575e+00	1477010443150000	9.299556e-01	6.002660e-01	2.198985e+00	4.558776e-03	2.073124e-03	2.763437e-02
L	1.076140e+00	6.246315e-01	1477010443200000	1.039905e+00	6.005699e-01	2.198410e+00	7.595190e-03	3.454842e-03	3.453479e-02
R	1.124676e+00	4.737577e-01	2.052694e+00	1477010443250000	1.149825e+00	6.010446e-01	2.197701e+00	1.138767e-02	5.181582e-03	4.142974e-02
L	1.364930e+00	7.235690e-01	1477010443300000	1.259709e+00	6.017278e-01	2.196855e+00	1.593422e-02	7.253069e-03	4.831816e-02
R	1.210369e+00	4.019269e-01	2.243005e+00	1477010443350000	1.369551e+00	6.026572e-01	2.195868e+00	2.123246e-02	9.668977e-03	5.519894e-02
L	1.423518e+00	7.355232e-01	1477010443400000	1.479343e+00	6.038703e-01	2.194736e+00	2.727961e-02	1.242892e-02	6.207101e-02
R	1.432184e+00	3.448341e-01	2.104871e+00	1477010443450000	1.589077e+00	6.054046e-01	2.193452e+00	3.407248e-02	1.553247e-02	6.893328e-02
L	1.705386e+00	6.549747e-01	1477010443500000	1.698747e+00	6.072972e-01	2.192011e+00	4.160747e-02	1.897914e-02	7.578466e-02
R	2.034986e+00	3.344042e-01	1.966526e+00	1477010443550000	1.808343e+00	6.095852e-01	2.190405e+00	4.988058e-02	2.276837e-02	8.262407e-02
L	1.961933e+00	8.690814e-01	1477010443600000	1.917858e+00	6.123054e-01	2.188628e+00	5.888736e-02	2.689958e-02	8.945044e-02
R	2.090860e+00	3.004250e-01	2.093418e+00	1477010443650000	2.027282e+00	6.154945e-01	2.186670e+00	6.862295e-02	3.137210e-02	9.626268e-02
L	2.144614e+00	4.432490e-01	1477010443700000	2.136607e+00	6.191888e-01	2.184524e+00	7.908204e-02	3.618523e-02	1.030597e-01
R	2.624265e+00	2.918666e-01	2.152595e+00	1477010443750000	2.245823e+00	6.234243e-01	2.182181e+00	9.025887e-02	4.133822e-02	1.098405e-01
L	2.371631e+00	6.128663e-01	1477010443800000	2.354919e+00	6.282368e-01	2.179629e+00	1.021472e-01	4.683024e-02	1.166039e-01
R	2.174314e+00	2.296154e-01	2.026642e+00	1477010443850000	2.463885e+00	6.336618e-01	2.176859e+00	1.147404e-01	5.266044e-02	1.233489e-01
L	2.455230e+00	6.884167e-01	1477010443900000	2.572709e+00	6.397345e-01	2.173860e+00	1.280313e-01	5.882788e-02	1.300744e-01
R	3.121516e+00	2.293013e-01	2.119123e+00	1477010443950000	2.681381e+00	6.464894e-01	2.170621e+00	1.420122e-01	6.533161e-02	1.367794e-01
L	2.927260e+00	5.938656e-01	1477010444000000	2.789887e+00	6.539611e-01	2.167129e+00	1.566750e-01	7.217058e-02	1.434628e-01
R	2.764093e+00	1.938283e-01	2.170247e+00	1477010444050000	2.898214e+00	6.621834e-01	2.163371e+00	1.720110e-01	7.934372e-02	1.501236e-01
L	2.950652e+00	7.616270e-01	1477010444100000	3.006349e+00	6.711899e-01	2.159336e+00	1.880111e-01	8.684990e-02	1.567606e-01
R	3.003860e+00	2.232298e-01	2.111515e+00	1477010444150000	3.114278e+00	6.810134e-01	2.155010e+00	2.046654e-01	9.468793e-02	1.633729e-01
L	3.153219e+00	6.097384e-01	1477010444200000	3.221986e+00	6.916867e-01	2.150378e+00	2.219638e-01	1.028566e-01	1.699593e-01
R	3.676249e+00	2.047466e-01	2.132658e+00	1477010444250000	3.329456e+00	7.032416e-01	2.145428e+00	2.398955e-01	1.113545e-01	1.765190e-01
L	3.608938e+00	7.959173e-01	1477010444300000	3.436673e+00	7.157096e-01	2.140143e+00	2.584490e-01	1.201805e-01	1.830507e-01
R	3.808676e+00	1.899577e-01	2.025251e+00	1477010444350000	3.543620e+00	7.291215e-01	2.134511e+00	2.776124e-01	1.293330e-01	1.895536e-01
L	3.517506e+00	5.549716e-01	1477010444400000	3.650278e+00	7.435077e-01	2.128516e+00	2.973732e-01	1.388107e-01	1.960265e-01
R	3.693725e+00	2.084768e-01	2.210863e+00	1477010444450000	3.756629e+00	7.588977e-01	2.122142e+00	3.177182e-01	1.486120e-01	2.024685e-01
L	3.943725e+00	5.540696e-01	1477010444500000	3.862654e+00	7.753204e-01	2.115374e+00	3.386338e-01	1.587355e-01	2.088785e-01
R	4.299540e+00	2.188586e-01	2.150449e+00	1477010444550000	3.968332e+00	7.928041e-01	2.108197e+00	3.601056e-01	1.691794e-01	2.152555e-01
L	4.290554e+00	6.397290e-01	1477010444600000	4.073643e+00	8.113763e-01	2.100594e+00	3.821186e-01	1.799422e-01	2.215985e-01
R	4.110291e+00	2.000872e-01	2.103169e+00	1477010444650000	4.178565e+00	8.310637e-01	2.092550e+00	4.046572e-01	1.910221e-01	2.279066e-01
L	4.214137e+00	9.434474e-01	1477010444700000	4.283075e+00	8.518922e-01	2.084049e+00	4.277052e-01	2.024174e-01	2.341786e-01
R	4.470902e+00	2.083047e-01	1.931880e+00	1477010444750000	4.387150e+00	8.738870e-01	2.075075e+00	4.512459e-01	2.141263e-01	2.404137e-01
L	4.790029e+00	1.146449e+00	1477010444800000	4.490765e+00	8.970724e-01	2.065611e+00	4.752616e-01	2.261470e-01	2.466108e-01
R	4.580170e+00	1.949789e-01	2.314569e+00	1477010444850000	4.593897e+00	9.214716e-01	2.055643e+00	4.997344e-01	2.384776e-01	2.527689e-01
L	4.771620e+00	6.975425e-01	1477010444900000	4.696518e+00	9.471071e-01	2.045153e+00	5.246453e-01	2.511160e-01	2.588872e-01
R	4.928745e+00	2.196772e-01	2.134676e+00	1477010444950000	4.798603e+00	9.740005e-01	2.034127e+00	5.499751e-01	2.640604e-01	2.649645e-01
L	4.937406e+00	1.017746e+00	1477010445000000	4.900124e+00	1.002172e+00	2.022549e+00	5.757035e-01	2.773086e-01	2.710000e-01
R	5.102756e+00	2.139939e-01	2.137000e+00	1477010445050000	5.001054e+00	1.031642e+00	2.010402e+00	6.018101e-01	2.908586e-01	2.769928e-01
L	4.999925e+00	1.066086e+00	1477010445100000	5.101362e+00	1.062427e+00	1.997673e+00	6.282734e-01	3.047082e-01	2.829417e-01
R	5.936945e+00	1.957936e-01	1.826433e+00	1477010445150000	5.201020e+00	1.094546e+00	1.984346e+00	6.550714e-01	3.188553e-01	2.888460e-01
L	5.526507e+00	1.256114e+00	1477010445200000	5.299998e+00	1.128015e+00	1.970407e+00	6.821816e-01	3.332976e-01	2.947047e-01
R	5.481971e+00	1.959606e-01	2.045693e+00	1477010445250000	5.398263e+00	1.162849e+00	1.955841e+00	7.095807e-01	3.480329e-01	3.005169e-01
L	5.663225e+00	1.188480e+00	1477010445300000	5.495785e+00	1.199061e+00	1.940635e+00	7.372450e-01	3.630587e-01	3.062816e-01
R	5.405136e+00	1.992143e-01	2.096624e+00	1477010445350000	5.592531e+00	1.236665e+00	1.924774e+00	7.651500e-01	3.783728e-01	3.119979e-01
L	5.529536e+00	1.447865e+00	1477010445400000	5.688467e+00	1.275672e+00	1.908247e+00	7.932708e-01	3.939727e-01	3.176650e-01
R	5.926618e+00	2.472924e-01	2.064630e+00	1477010445450000	5.783561e+00	1.316091e+00	1.891041e+00	8.215816e-01	4.098559e-01	3.232819e-01
L	5.886724e+00	1.380189e+00	1477010445500000	5.877777e+00	1.357933e+00	1.873144e+00	8.500565e-01	4.260200e-01	3.288477e-01
R	5.921350e+00	2.186825e-01	2.006190e+00	1477010445550000	5.971080e+00	1.401204e+00	1.854545e+00	8.786688e-01	4.424624e-01	3.343617e-01
L	6.222426e+00	1.499931e+00	1477010445600000	6.063436e+00	1.445910e+00	1.835232e+00	9.073912e-01	4.591805e-01	3.398228e-01
R	6.377392e+00	2.202450e-01	1.855960e+00	1477010445650000	6.154808e+00	1.492057e+00	1.815197e+00	9.361961e-01	4.761716e-01	3.452302e-01
L	6.246826e+00	1.501470e+00	1477010445700000	6.245159e+00	1.539648e+00	1.794430e+00	9.650553e-01	4.934331e-01	3.505832e-01
R	6.561821e+00	2.681838e-01	2.109404e+00	1477010445750000	6.334453e+00	1.588684e+00	1.772921e+00	9.939402e-01	5.109623e-01	3.558808e-01
L	6.473582e+00	1.804391e+00	1477010445800000	6.422652e+00	1.639167e+00	1.750665e+00	1.022822e+00	5.287563e-01	3.611222e-01
R	6.981336e+00	2.691081e-01	1.979794e+00	1477010445850000	6.509719e+00	1.691096e+00	1.727653e+00	1.051671e+00	5.468125e-01	3.663065e-01
L	6.450790e+00	1.861845e+00	1477010445900000	6.595615e+00	1.744468e+00	1.703879e+00	1.080457e+00	5.651278e-01	3.714330e-01
R	7.001975e+00	2.685511e-01	2.059815e+00	1477010445950000	6.680303e+00	1.799278e+00	1.679338e+00	1.109150e+00	5.836994e-01	3.765009e-01
L	6.755693e+00	1.695878e+00	1477010446000000	6.763743e+00	1.855523e+00	1.654026e+00	1.137720e+00	6.025245e-01	3.815093e-01
R	6.834290e+00	2.796437e-01	1.944900e+00	1477010446050000	6.845896e+00	1.913194e+00	1.627939e+00	1.166137e+00	6.215999e-01	3.864575e-01
L	6.703060e+00	2.027228e+00	1477010446100000	6.926725e+00	1.972284e+00	1.601074e+00	1.194368e+00	6.409228e-01	3.913446e-01
R	7.158428e+00	2.905957e-01	1.831619e+00	1477010446150000	7.006189e+00	2.032782e+00	1.573431e+00	1.222383e+00	6.604901e-01	3.961700e-01
L	7.051996e+00	2.036750e+00	1477010446200000	7.084250e+00	2.094676e+00	1.545007e+00	1.250151e+00	6.802985e-01	4.009327e-01
R	7.252951e+00	2.837673e-01	1.860386e+00	1477010446250000	7.160869e+00	2.157954e+00	1.515805e+00	1.277640e+00	7.003452e-01	4.056322e-01
L	7.179008e+00	2.455239e+00	1477010446300000	7.236006e+00	2.222600e+00	1.485825e+00	1.304818e+00	7.206268e-01	4.102676e-01
R	7.770461e+00	3.197339e-01	1.743447e+00	1477010446350000	7.309623e+00	2.288598e+00	1.455069e+00	1.331654e+00	7.411402e-01	4.148383e-01
L	7.227216e+00	2.271037e+00	1477010446400000	7.381681e+00	2.355930e+00	1.423541e+00	1.358116e+00	7.618821e-01	4.193434e-01
R	7.569388e+00	3.155629e-01	1.630443e+00	1477010446450000	7.452141e+00	2.424577e+00	1.391246e+00	1.384172e+00	7.828493e-01	4.237823e-01
L	7.478686e+00	2.566619e+00	1477010446500000	7.520965e+00	2.494518e+00	1.358190e+00	1.409792e+00	8.040384e-01	4.281543e-01
R	7.974114e+00	3.494378e-01	1.666713e+00	1477010446550000	7.588115e+00	2.565729e+00	1.324378e+00	1.434943e+00	8.254461e-01	4.324586e-01
L	7.596172e+00	2.813808e+00	1477010446600000	7.653553e+00	2.638186e+00	1.289820e+00	1.459594e+00	8.470690e-01	4.366947e-01
R	8.131029e+00	3.557867e-01	1.881807e+00	1477010446650000	7.717242e+00	2.711864e+00	1.254523e+00	1.483714e+00	8.689038e-01	4.408618e-01
L	7.688152e+00	2.761304e+00	1477010446700000	7.779145e+00	2.786735e+00	1.218498e+00	1.507272e+00	8.909468e-01	4.449593e-01
R	8.275989e+00	3.514513e-01	1.608309e+00	1477010446750000	7.839227e+00	2.862770e+00	1.181755e+00	1.530238e+00	9.131948e-01	4.489866e-01
L	7.968921e+00	2.929216e+00	1477010446800000	7.897451e+00	2.939939e+00	1.144308e+00	1.552582e+00	9.356441e-01	4.529429e-01
R	8.706683e+00	3.669647e-01	1.474438e+00	1477010446850000	7.953782e+00	3.018209e+00	1.106169e+00	1.574273e+00	9.582913e-01	4.568277e-01
L	7.971806e+00	2.950428e+00	1477010446900000	8.008187e+00	3.097548e+00	1.067353e+00	1.595282e+00	9.811327e-01	4.606404e-01
R	8.809608e+00	3.641298e-01	1.686187e+00	1477010446950000	8.060632e+00	3.177919e+00	1.027875e+00	1.615581e+00	1.004165e+00	4.643804e-01
L	8.066206e+00	3.518712e+00	1477010447000000	8.111083e+00	3.259288e+00	9.877518e-01	1.635140e+00	1.027384e+00	4.680470e-01
R	8.262671e+00	3.881199e-01	1.450228e+00	1477010447050000	8.159509e+00	3.341615e+00	9.470006e-01	1.653931e+00	1.050786e+00	4.716397e-01
L	8.396722e+00	3.432133e+00	1477010447100000	8.205880e+00	3.424862e+00	9.056400e-01	1.671929e+00	1.074368e+00	4.751579e-01
R	9.074929e+00	4.270209e-01	1.510212e+00	1477010447150000	8.250165e+00	3.508989e+00	8.636897e-01	1.689105e+00	1.098126e+00	4.786011e-01
L	8.409117e+00	3.494076e+00	1477010447200000	8.292335e+00	3.593953e+00	8.211702e-01	1.705433e+00	1.122056e+00	4.819687e-01
R	8.406884e+00	3.646511e-01	1.405553e+00	1477010447250000	8.332362e+00	3.679711e+00	7.781031e-01	1.720889e+00	1.146154e+00	4.852602e-01
L	8.185319e+00	4.008344e+00	1477010447300000	8.370219e+00	3.766219e+00	7.345108e-01	1.735448e+00	1.170417e+00	4.884750e-01
R	9.081250e+00	4.437477e-01	1.507087e+00	1477010447350000	8.405882e+00	3.853431e+00	6.904168e-01	1.749086e+00	1.194841e+00	4.916128e-01
L	8.400431e+00	3.873307e+00	1477010447400000	8.439324e+00	3.941301e+00	6.458452e-01	1.761779e+00	1.219422e+00	4.946729e-01
R	9.246953e+00	4.705972e-01	1.083380e+00	1477010447450000	8.470524e+00	4.029780e+00	6.008214e-01	1.773507e+00	1.244155e+00	4.976549e-01
L	8.684807e+00	4.096453e+00	1477010447500000	8.499459e+00	4.118820e+00	5.553713e-01	1.784247e+00	1.269038e+00	5.005583e-01
R	9.260343e+00	4.501997e-01	1.267154e+00	1477010447550000	8.526108e+00	4.208370e+00	5.095217e-01	1.793980e+00	1.294066e+00	5.033826e-01
L	8.776018e+00	4.257248e+00	1477010447600000	8.550453e+00	4.298381e+00	4.633001e-01	1.802686e+00	1.319235e+00	5.061275e-01
R	9.016354e+00	4.659542e-01	1.122789e+00	1477010447650000	8.572475e+00	4.388798e+00	4.167348e-01	1.810347e+00	1.344542e+00	5.087925e-01
L	8.630844e+00	4.442834e+00	1477010447700000	8.592158e+00	4.479571e+00	3.698550e-01	1.816945e+00	1.369981e+00	5.113771e-01
R	9.860613e+00	4.848909e-01	1.041619e+00	1477010447750000	8.609487e+00	4.570645e+00	3.226901e-01	1.822464e+00	1.395550e+00	5.138809e-01
L	8.462178e+00	4.468145e+00	1477010447800000	8.624449e+00	4.661965e+00	2.752705e-01	1.826889e+00	1.421244e+00	5.163036e-01
R	9.798944e+00	5.098457e-01	1.296314e+00	1477010447850000	8.637032e+00	4.753477e+00	2.276272e-01	1.830207e+00	1.447059e+00	5.186448e-01
L	8.705598e+00	5.014756e+00	1477010447900000	8.647226e+00	4.845125e+00	1.797913e-01	1.832403e+00	1.472992e+00	5.209041e-01
R	9.481886e+00	4.992560e-01	1.167447e+00	1477010447950000	8.655021e+00	4.936852e+00	1.317950e-01	1.833466e+00	1.499037e+00	5.230811e-01
L	8.862090e+00	5.008729e+00	1477010448000000	8.660412e+00	5.028601e+00	8.367044e-02	1.833385e+00	1.525191e+00	5.251755e-01
R	1.001815e+01	5.349654e-01	8.709028e-01	1477010448050000	8.663391e+00	5.120314e+00	3.545053e-02	1.832151e+00	1.551450e+00	5.271870e-01
L	8.756683e+00	5.315553e+00	1477010448100000	8.663956e+00	5.211935e+00	-1.283163e-02	1.829756e+00	1.577809e+00	5.291152e-01
R	1.009058e+01	5.033219e-01	1.011707e+00	1477010448150000	8.662105e+00	5.303403e+00	-6.114256e-02	1.826192e+00	1.604265e+00	5.309599e-01
L	8.597675e+00	5.526703e+00	1477010448200000	8.657836e+00	5.394662e+00	-1.094485e-01	1.821453e+00	1.630813e+00	5.327207e-01
R	1.020689e+01	5.471380e-01	5.855214e-01	1477010448250000	8.651151e+00	5.485651e+00	-1.577155e-01	1.815535e+00	1.657449e+00	5.343975e-01
L	8.533580e+00	5.939964e+00	1477010448300000	8.642054e+00	5.576311e+00	-2.059093e-01	1.808434e+00	1.684169e+00	5.359898e-01
R	1.060096e+01	5.952446e-01	9.203292e-01	1477010448350000	8.630548e+00	5.666584e+00	-2.539957e-01	1.800148e+00	1.710968e+00	5.374975e-01
L	8.776148e+00	5.551126e+00	1477010448400000	8.616640e+00	5.756410e+00	-3.019402e-01	1.790676e+00	1.737843e+00	5.389203e-01
R	9.892219e+00	6.030727e-01	6.851757e-01	1477010448450000	8.600339e+00	5.845730e+00	-3.497083e-01	1.780017e+00	1.764789e+00	5.402580e-01
L	8.542208e+00	5.748959e+00	1477010448500000	8.581654e+00	5.934483e+00	-3.972656e-01	1.768175e+00	1.791802e+00	5.415104e-01
R	1.015925e+01	5.945365e-01	6.503715e-01	1477010448550000	8.560596e+00	6.022613e+00	-4.445776e-01	1.755150e+00	1.818877e+00	5.426773e-01
L	8.531536e+00	5.856926e+00	1477010448600000	8.537179e+00	6.110058e+00	-4.916100e-01	1.740948e+00	1.846011e+00	5.437585e-01
R	1.057502e+01	6.461119e-01	6.182555e-01	1477010448650000	8.511419e+00	6.196760e+00	-5.383286e-01	1.725572e+00	1.873199e+00	5.447538e-01
L	8.472106e+00	6.321816e+00	1477010448700000	8.483331e+00	6.282662e+00	-5.846993e-01	1.709031e+00	1.900437e+00	5.456631e-01
R	1.084795e+01	6.071059e-01	5.958949e-01	1477010448750000	8.452934e+00	6.367704e+00	-6.306883e-01	1.691330e+00	1.927720e+00	5.464862e-01
L	8.280426e+00	6.513461e+00	1477010448800000	8.420248e+00	6.451829e+00	-6.762621e-01	1.672480e+00	1.955044e+00	5.472231e-01
R	1.093554e+01	6.658331e-01	4.664213e-01	1477010448850000	8.385295e+00	6.534980e+00	-7.213875e-01	1.652490e+00	1.982406e+00	5.478735e-01
L	8.396229e+00	6.537979e+00	1477010448900000	8.348098e+00	6.617100e+00	-7.660315e-01	1.631371e+00	2.009799e+00	5.484374e-01
R	1.083337e+01	6.664860e-01	3.159108e-01	1477010448950000	8.308683e+00	6.698133e+00	-8.101616e-01	1.609136e+00	2.037221e+00	5.489147e-01
L	8.263134e+00	6.699663e+00	1477010449000000	8.267076e+00	6.778024e+00	-8.537460e-01	1.585798e+00	2.064667e+00	5.493053e-01
R	1.060523e+01	7.080854e-01	3.800953e-01	1477010449050000	8.223306e+00	6.856718e+00	-8.967530e-01	1.561371e+00	2.092132e+00	5.496092e-01
L	8.009361e+00	6.956316e+00	1477010449100000	8.177401e+00	6.934161e+00	-9.391515e-01	1.535872e+00	2.119613e+00	5.498263e-01
R	1.052151e+01	7.198840e-01	2.122790e-01	1477010449150000	8.129394e+00	7.010299e+00	-9.809113e-01	1.509318e+00	2.147104e+00	5.499566e-01
L	7.820858e+00	6.924011e+00	1477010449200000	8.079317e+00	7.085081e+00	-1.022002e+00	1.481726e+00	2.174602e+00	5.500000e-01
R	1.059863e+01	7.211714e-01	1.404641e-01	1477010449250000	8.027205e+00	7.158456e+00	-1.062395e+00	1.453115e+00	2.202102e+00	5.499566e-01
L	7.966432e+00	7.229841e+00	1477010449300000	7.973093e+00	7.230372e+00	-1.102062e+00	1.423506e+00	2.229599e+00	5.498263e-01
R	1.078683e+01	7.276271e-01	1.887273e-01	1477010449350000	7.917018e+00	7.300781e+00	-1.140975e+00	1.392919e+00	2.257091e+00	5.496092e-01
L	7.641550e+00	7.689609e+00	1477010449400000	7.859020e+00	7.369634e+00	-1.179107e+00	1.361376e+00	2.284571e+00	5.493053e-01
R	1.052741e+01	7.576788e-01	-2.827970e-02	1477010449450000	7.799137e+00	7.436885e+00	-1.216431e+00	1.328900e+00	2.312037e+00	5.489147e-01
L	7.646337e+00	7.540567e+00	1477010449500000	7.737412e+00	7.502487e+00	-1.252922e+00	1.295516e+00	2.339482e+00	5.484374e-01
R	1.100996e+01	8.126907e-01	3.179751e-02	1477010449550000	7.673885e+00	7.566396e+00	-1.288556e+00	1.261248e+00	2.366904e+00	5.478735e-01
L	7.571078e+00	7.572867e+00	1477010449600000	7.608602e+00	7.628568e+00	-1.323310e+00	1.226121e+00	2.394298e+00	5.472231e-01
R	1.123070e+01	8.325333e-01	-2.501268e-02	1477010449650000	7.541606e+00	7.688961e+00	-1.357159e+00	1.190162e+00	2.421659e+00	5.464862e-01
L	7.244967e+00	7.500511e+00	1477010449700000	7.472943e+00	7.747535e+00	-1.390084e+00	1.153398e+00	2.448983e+00	5.456631e-01
R	1.105376e+01	8.332377e-01	-2.279414e-01	1477010449750000	7.402661e+00	7.804249e+00	-1.422062e+00	1.115857e+00	2.476266e+00	5.447538e-01
L	7.187940e+00	7.816446e+00	1477010449800000	7.330807e+00	7.859067e+00	-1.453075e+00	1.077567e+00	2.503504e+00	5.437585e-01
R	1.047279e+01	8.424173e-01	-2.930944e-01	1477010449850000	7.257430e+00	7.911951e+00	-1.483104e+00	1.038559e+00	2.530692e+00	5.426773e-01
L	7.067186e+00	8.058866e+00	1477010449900000	7.182579e+00	7.962867e+00	-1.512130e+00	9.988610e-01	2.557826e+00	5.415104e-01
R	1.072148e+01	8.468877e-01	-3.147174e-01	1477010449950000	7.106306e+00	8.011780e+00	-1.540139e+00	9.585048e-01	2.584901e+00	5.402580e-01
L	7.098671e+00	7.999187e+00	1477010450000000	7.028661e+00	8.058660e+00	-1.567113e+00	9.175210e-01	2.611914e+00	5.389203e-01
R	1.038764e+01	8.276849e-01	-2.689871e-01	1477010450050000	6.949697e+00	8.103475e+00	-1.593039e+00	8.759414e-01	2.638860e+00	5.374975e-01
L	6.897317e+00	8.296984e+00	1477010450100000	6.869466e+00	8.146196e+00	-1.617904e+00	8.337979e-01	2.665735e+00	5.359898e-01
R	9.817008e+00	8.649581e-01	-4.798276e-01	1477010450150000	6.788022e+00	8.186797e+00	-1.641696e+00	7.911231e-01	2.692535e+00	5.343975e-01
L	6.431539e+00	8.413904e+00	1477010450200000	6.705418e+00	8.225252e+00	-1.664404e+00	7.479498e-01	2.719255e+00	5.327207e-01
R	1.106724e+01	9.013779e-01	-3.964560e-01	1477010450250000	6.621710e+00	8.261537e+00	-1.686019e+00	7.043112e-01	2.745891e+00	5.309599e-01
L	6.436905e+00	8.539641e+00	1477010450300000	6.536952e+00	8.295629e+00	-1.706533e+00	6.602409e-01	2.772439e+00	5.291152e-01
R	1.032340e+01	9.333108e-01	-4.843755e-01	1477010450350000	6.451198e+00	8.327509e+00	-1.725937e+00	6.157725e-01	2.798894e+00	5.271870e-01
L	6.390230e+00	8.492477e+00	1477010450400000	6.364506e+00	8.357157e+00	-1.744228e+00	5.709401e-01	2.825254e+00	5.251755e-01
R	1.065609e+01	9.429963e-01	-5.998857e-01	1477010450450000	6.276929e+00	8.384555e+00	-1.761398e+00	5.257776e-01	2.851512e+00	5.230811e-01
L	6.157892e+00	8.496447e+00	1477010450500000	6.188526e+00	8.409690e+00	-1.777447e+00	4.803193e-01	2.877667e+00	5.209041e-01
R	1.008839e+01	9.235989e-01	-6.330723e-01	1477010450550000	6.099351e+00	8.432546e+00	-1.792371e+00	4.345995e-01	2.903712e+00	5.186448e-01
L	6.160618e+00	8.540239e+00	1477010450600000	6.009460e+00	8.453111e+00	-1.806169e+00	3.886524e-01	2.929644e+00	5.163036e-01
R	1.093839e+01	9.698512e-01	-8.789118e-01	1477010450650000	5.918911e+00	8.471376e+00	-1.818843e+00	3.425122e-01	2.955459e+00	5.138809e-01
L	5.634968e+00	8.663775e+00	1477010450700000	5.827759e+00	8.487331e+00	-1.830393e+00	2.962132e-01	2.981153e+00	5.113771e-01
R	9.513738e+00	9.812742e-01	-8.301621e-01	1477010450750000	5.736060e+00	8.500971e+00	-1.840823e+00	2.497892e-01	3.006722e+00	5.087925e-01
L	5.453933e+00	8.270318e+00	1477010450800000	5.643870e+00	8.512288e+00	-1.850136e+00	2.032742e-01	3.032162e+00	5.061275e-01
R	1.013672e+01	9.788330e-01	-7.264736e-01	1477010450850000	5.551244e+00	8.521280e+00	-1.858338e+00	1.567018e-01	3.057468e+00	5.033826e-01
L	5.502189e+00	8.561870e+00	1477010450900000	5.458239e+00	8.527945e+00	-1.865436e+00	1.101052e-01	3.082637e+00	5.005583e-01
R	1.030089e+01	1.020559e+00	-1.076825e+00	1477010450950000	5.364908e+00	8.532283e+00	-1.871438e+00	6.351763e-02	3.107665e+00	4.976549e-01
L	5.409599e+00	8.444520e+00	1477010451000000	5.271306e+00	8.534294e+00	-1.876351e+00	1.697166e-02	3.132548e+00	4.946729e-01
R	9.739551e+00	1.043455e+00	-9.950914e-01	1477010451050000	5.177488e+00	8.533982e+00	-1.880188e+00	-2.950041e-02	3.157282e+00	4.916128e-01
L	5.213070e+00	8.701080e+00	1477010451100000	5.083506e+00	8.531352e+00	-1.882958e+00	-7.586677e-02	3.181862e+00	4.884750e-01
R	1.020520e+01	1.041898e+00	-1.129981e+00	1477010451150000	4.989414e+00	8.526410e+00	-1.884674e+00	-1.220961e-01	3.206286e+00	4.852602e-01
L	4.892940e+00	8.056664e+00	1477010451200000	4.895263e+00	8.519162e+00	-1.885350e+00	-1.681575e-01	3.230549e+00	4.819687e-01
R	9.533679e+00	1.074192e+00	-1.012889e+00	1477010451250000	4.801106e+00	8.509619e+00	-1.885001e+00	-2.140208e-01	3.254647e+00	4.786011e-01
L	4.447157e+00	8.280130e+00	1477010451300000	4.706993e+00	8.497792e+00	-1.883642e+00	-2.596564e-01	3.278577e+00	4.751579e-01
R	9.646638e+00	1.077913e+00	-1.128132e+00	1477010451350000	4.612974e+00	8.483691e+00	-1.881290e+00	-3.050353e-01	3.302335e+00	4.716397e-01
L	4.294301e+00	8.604715e+00	1477010451400000	4.519098e+00	8.467332e+00	-1.877963e+00	-3.501291e-01	3.325917e+00	4.680470e-01
R	9.274197e+00	1.091911e+00	-1.180615e+00	1477010451450000	4.425413e+00	8.448729e+00	-1.873679e+00	-3.949103e-01	3.349320e+00	4.643804e-01
L	4.355327e+00	8.259038e+00	1477010451500000	4.331967e+00	8.427897e+00	-1.868459e+00	-4.393521e-01	3.372539e+00	4.606404e-01
R	9.657834e+00	1.105482e+00	-1.304387e+00	1477010451550000	4.238805e+00	8.404856e+00	-1.862322e+00	-4.834283e-01	3.395571e+00	4.568277e-01
L	4.039679e+00	8.216756e+00	1477010451600000	4.145973e+00	8.379623e+00	-1.855290e+00	-5.271137e-01	3.418412e+00	4.529429e-01
R	9.273685e+00	1.112363e+00	-1.229204e+00	1477010451650000	4.053515e+00	8.352219e+00	-1.847387e+00	-5.703840e-01	3.441059e+00	4.489866e-01
L	4.005005e+00	8.664629e+00	1477010451700000	3.961474e+00	8.322666e+00	-1.838633e+00	-6.132155e-01	3.463509e+00	4.449593e-01
R	9.136334e+00	1.127937e+00	-1.151576e+00	1477010451750000	3.869891e+00	8.290985e+00	-1.829055e+00	-6.555857e-01	3.485756e+00	4.408618e-01
L	3.967650e+00	8.201546e+00	1477010451800000	3.778807e+00	8.257200e+00	-1.818675e+00	-6.974727e-01	3.507800e+00	4.366947e-01
R	9.486876e+00	1.149436e+00	-1.490124e+00	1477010451850000	3.688261e+00	8.221337e+00	-1.807520e+00	-7.388557e-01	3.529634e+00	4.324586e-01
L	3.758490e+00	8.330209e+00	1477010451900000	3.598291e+00	8.183420e+00	-1.795616e+00	-7.797148e-01	3.551257e+00	4.281543e-01
R	8.643563e+00	1.167220e+00	-1.369474e+00	1477010451950000	3.508935e+00	8.143476e+00	-1.782989e+00	-8.200312e-01	3.572665e+00	4.237823e-01
L	3.370844e+00	8.202023e+00	1477010452000000	3.420226e+00	8.101533e+00	-1.769665e+00	-8.597869e-01	3.593854e+00	4.193434e-01
R	9.274627e+00	1.179025e+00	-1.355469e+00	1477010452050000	3.332200e+00	8.057619e+00	-1.755673e+00	-8.989649e-01	3.614821e+00	4.148383e-01
L	3.275441e+00	8.142766e+00	1477010452100000	3.244889e+00	8.011764e+00	-1.741042e+00	-9.375493e-01	3.635563e+00	4.102676e-01
R	8.871309e+00	1.197035e+00	-1.434273e+00	1477010452150000	3.158324e+00	7.963997e+00	-1.725798e+00	-9.755252e-01	3.656077e+00	4.056322e-01
L	3.380122e+00	7.906707e+00	1477010452200000	3.072534e+00	7.914349e+00	-1.709971e+00	-1.012878e+00	3.676358e+00	4.009327e-01
R	8.476015e+00	1.181009e+00	-1.565859e+00	1477010452250000	2.987549e+00	7.862851e+00	-1.693592e+00	-1.049596e+00	3.696405e+00	3.961700e-01
L	2.914155e+00	8.035420e+00	1477010452300000	2.903395e+00	7.809536e+00	-1.676688e+00	-1.085667e+00	3.716213e+00	3.913446e-01
R	8.083863e+00	1.202998e+00	-1.748342e+00	1477010452350000	2.820097e+00	7.754436e+00	-1.659289e+00	-1.121079e+00	3.735781e+00	3.864575e-01
L	2.748353e+00	7.394185e+00	1477010452400000	2.737679e+00	7.697584e+00	-1.641427e+00	-1.155823e+00	3.755103e+00	3.815093e-01
R	7.819204e+00	1.248097e+00	-1.718762e+00	1477010452450000	2.656164e+00	7.639014e+00	-1.623130e+00	-1.189890e+00	3.774179e+00	3.765009e-01
L	2.760413e+00	7.714708e+00	1477010452500000	2.575572e+00	7.578759e+00	-1.604430e+00	-1.223272e+00	3.793004e+00	3.714330e-01
R	7.890575e+00	1.272767e+00	-1.667124e+00	1477010452550000	2.495923e+00	7.516854e+00	-1.585357e+00	-1.255961e+00	3.811576e+00	3.663065e-01
L	2.290332e+00	7.295576e+00	1477010452600000	2.417235e+00	7.453334e+00	-1.565940e+00	-1.287953e+00	3.829891e+00	3.611222e-01
R	7.846601e+00	1.236303e+00	-1.658842e+00	1477010452650000	2.339523e+00	7.388233e+00	-1.546211e+00	-1.319242e+00	3.847947e+00	3.558808e-01
L	2.414851e+00	7.343335e+00	1477010452700000	2.262804e+00	7.321586e+00	-1.526200e+00	-1.349823e+00	3.865741e+00	3.505832e-01
R	7.167510e+00	1.232005e+00	-1.729752e+00	1477010452750000	2.187089e+00	7.253430e+00	-1.505937e+00	-1.379695e+00	3.883270e+00	3.452302e-01
L	1.860509e+00	7.206670e+00	1477010452800000	2.112391e+00	7.183799e+00	-1.485452e+00	-1.408854e+00	3.900532e+00	3.398228e-01
R	7.670007e+00	1.322432e+00	-1.832204e+00	1477010452850000	2.038721e+00	7.112728e+00	-1.464776e+00	-1.437298e+00	3.917523e+00	3.343617e-01
L	1.999862e+00	6.973467e+00	1477010452900000	1.966086e+00	7.040255e+00	-1.443938e+00	-1.465028e+00	3.934241e+00	3.288477e-01
R	7.025303e+00	1.287322e+00	-1.655105e+00	1477010452950000	1.894495e+00	6.966413e+00	-1.422968e+00	-1.492044e+00	3.950683e+00	3.232819e-01
L	1.782990e+00	6.602053e+00	1477010453000000	1.823952e+00	6.891239e+00	-1.401895e+00	-1.518347e+00	3.966847e+00	3.176650e-01
R	7.346418e+00	1.339181e+00	-1.621638e+00	1477010453050000	1.754464e+00	6.814768e+00	-1.380748e+00	-1.543938e+00	3.982731e+00	3.119979e-01
L	1.726489e+00	6.759645e+00	1477010453100000	1.686031e+00	6.737036e+00	-1.359556e+00	-1.568821e+00	3.998331e+00	3.062816e-01
R	6.484410e+00	1.316594e+00	-1.810132e+00	1477010453150000	1.618656e+00	6.658077e+00	-1.338348e+00	-1.592998e+00	4.013645e+00	3.005169e-01
L	1.304049e+00	6.581317e+00	1477010453200000	1.552340e+00	6.577928e+00	-1.317151e+00	-1.616474e+00	4.028670e+00	2.947047e-01
R	6.579668e+00	1.316846e+00	-1.908042e+00	1477010453250000	1.487080e+00	6.496622e+00	-1.295994e+00	-1.639252e+00	4.043406e+00	2.888460e-01
L	1.612911e+00	6.437587e+00	1477010453300000	1.422875e+00	6.414194e+00	-1.274903e+00	-1.661339e+00	4.057848e+00	2.829417e-01
R	6.877254e+00	1.340357e+00	-1.878071e+00	1477010453350000	1.359719e+00	6.330679e+00	-1.253905e+00	-1.682741e+00	4.071995e+00	2.769928e-01
L	1.102358e+00	6.353931e+00	1477010453400000	1.297609e+00	6.246110e+00	-1.233026e+00	-1.703462e+00	4.085845e+00	2.710000e-01
R	6.316699e+00	1.359184e+00	-1.749846e+00	1477010453450000	1.236536e+00	6.160522e+00	-1.212292e+00	-1.723512e+00	4.099395e+00	2.649645e-01
L	1.140417e+00	6.062167e+00	1477010453500000	1.176494e+00	6.073948e+00	-1.191729e+00	-1.742896e+00	4.112643e+00	2.588872e-01
R	5.845271e+00	1.401724e+00	-1.945766e+00	1477010453550000	1.117473e+00	5.986420e+00	-1.171362e+00	-1.761623e+00	4.125587e+00	2.527689e-01
L	1.212090e+00	5.632597e+00	1477010453600000	1.059464e+00	5.897971e+00	-1.151213e+00	-1.779700e+00	4.138226e+00	2.466108e-01
R	5.974307e+00	1.413496e+00	-1.940924e+00	1477010453650000	1.002453e+00	5.808633e+00	-1.131308e+00	-1.797137e+00	4.150556e+00	2.404137e-01
L	1.141426e+00	5.639145e+00	1477010453700000	9.464290e-01	5.718438e+00	-1.111668e+00	-1.813942e+00	4.162577e+00	2.341786e-01
R	5.835356e+00	1.434027e+00	-1.865931e+00	1477010453750000	8.913778e-01	5.627418e+00	-1.092317e+00	-1.830125e+00	4.174286e+00	2.279066e-01
L	1.031116e+00	5.782869e+00	1477010453800000	8.372845e-01	5.535603e+00	-1.073277e+00	-1.845694e+00	4.185681e+00	2.215985e-01
R	5.292529e+00	1.421638e+00	-2.051300e+00	1477010453850000	7.841330e-01	5.443023e+00	-1.054568e+00	-1.860660e+00	4.196761e+00	2.152555e-01
L	6.045690e-01	5.318268e+00	1477010453900000	7.319063e-01	5.349708e+00	-1.036211e+00	-1.875032e+00	4.207524e+00	2.088785e-01
R	5.181620e+00	1.441280e+00	-1.947126e+00	1477010453950000	6.805863e-01	5.255687e+00	-1.018227e+00	-1.888821e+00	4.217968e+00	2.024685e-01
L	8.107745e-01	5.255408e+00	1477010454000000	6.301538e-01	5.160990e+00	-1.000634e+00	-1.902036e+00	4.228091e+00	1.960265e-01
R	5.065312e+00	1.464040e+00	-1.907827e+00	1477010454050000	5.805890e-01	5.065644e+00	-9.834515e-01	-1.914688e+00	4.237893e+00	1.895536e-01
L	3.032074e-01	4.935130e+00	1477010454100000	5.318708e-01	4.969678e+00	-9.666976e-01	-1.926786e+00	4.247370e+00	1.830507e-01
R	5.115915e+00	1.452370e+00	-1.944939e+00	1477010454150000	4.839775e-01	4.873119e+00	-9.503896e-01	-1.938342e+00	4.256523e+00	1.765190e-01
L	3.429011e-01	4.715291e+00	1477010454200000	4.368863e-01	4.775994e+00	-9.345443e-01	-1.949364e+00	4.265349e+00	1.699593e-01
R	4.408225e+00	1.505672e+00	-1.928028e+00	1477010454250000	3.905738e-01	4.678328e+00	-9.191778e-01	-1.959864e+00	4.273847e+00	1.633729e-01
L	3.372227e-01	4.652047e+00	1477010454300000	3.450157e-01	4.580148e+00	-9.043057e-01	-1.969851e+00	4.282015e+00	1.567606e-01
R	3.671491e+00	1.484625e+00	-2.161037e+00	1477010454350000	3.001868e-01	4.481480e+00	-8.899428e-01	-1.979334e+00	4.289853e+00	1.501236e-01
L	2.786455e-01	4.533173e+00	1477010454400000	2.560615e-01	4.382347e+00	-8.761033e-01	-1.988325e+00	4.297360e+00	1.434628e-01
R	4.385890e+00	1.529703e+00	-1.759217e+00	1477010454450000	2.126133e-01	4.282774e+00	-8.628007e-01	-1.996832e+00	4.304533e+00	1.367794e-01
L	3.482843e-01	4.357536e+00	1477010454500000	1.698150e-01	4.182786e+00	-8.500479e-01	-2.004864e+00	4.311372e+00	1.300744e-01
R	3.888696e+00	1.550908e+00	-1.940798e+00	1477010454550000	1.276389e-01	4.082405e+00	-8.378572e-01	-2.012431e+00	4.317875e+00	1.233489e-01
L	6.908880e-03	4.262183e+00	1477010454600000	8.605658e-02	3.981655e+00	-8.262402e-01	-2.019540e+00	4.324043e+00	1.166039e-01
R	3.772695e+00	1.568895e+00	-2.121547e+00	1477010454650000	4.503917e-02	3.880558e+00	-8.152078e-01	-2.026202e+00	4.329873e+00	1.098405e-01
L	1.994500e-02	3.539498e+00	1477010454700000	4.557181e-03	3.779137e+00	-8.047704e-01	-2.032423e+00	4.335365e+00	1.030597e-01
R	3.662090e+00	1.558332e+00	-1.992013e+00	1477010454750000	-3.541933e-02	3.677412e+00	-7.949376e-01	-2.038212e+00	4.340518e+00	9.626268e-02
L	1.246521e-01	3.498259e+00	1477010454800000	-7.492081e-02	3.575407e+00	-7.857186e-01	-2.043576e+00	4.345331e+00	8.945044e-02
R	3.332060e+00	1.622826e+00	-2.187202e+00	1477010454850000	-1.139781e-01	3.473140e+00	-7.771218e-01	-2.048522e+00	4.349804e+00	8.262407e-02
L	1.615302e-01	3.390313e+00	1477010454900000	-1.526225e-01	3.370634e+00	-7.691549e-01	-2.053057e+00	4.353935e+00	7.578466e-02
R	3.652206e+00	1.612711e+00	-1.939616e+00	1477010454950000	-1.908857e-01	3.267909e+00	-7.618252e-01	-2.057186e+00	4.357724e+00	6.893328e-02
L	-1.325769e-01	3.146458e+00	1477010455000000	-2.287996e-01	3.164984e+00	-7.551392e-01	-2.060916e+00	4.361171e+00	6.207101e-02
R	3.109024e+00	1.650834e+00	-2.091759e+00	1477010455050000	-2.663966e-01	3.061880e+00	-7.491030e-01	-2.064251e+00	4.364274e+00	5.519894e-02
L	-3.636722e-01	3.169812e+00	1477010455100000	-3.037093e-01	2.958616e+00	-7.437217e-01	-2.067197e+00	4.367034e+00	4.831816e-02
R	2.891016e+00	1.677752e+00	-1.903776e+00	1477010455150000	-3.407705e-01	2.855211e+00	-7.390003e-01	-2.069758e+00	4.369450e+00	4.142974e-02
L	-4.961933e-01	2.942379e+00	1477010455200000	-3.776133e-01	2.751685e+00	-7.349428e-01	-2.071937e+00	4.371522e+00	3.453479e-02
R	2.461955e+00	1.712467e+00	-1.817475e+00	1477010455250000	-4.142709e-01	2.648056e+00	-7.315527e-01	-2.073738e+00	4.373248e+00	2.763437e-02
L	-3.644165e-01	2.570684e+00	1477010455300000	-4.507769e-01	2.544344e+00	-7.288330e-01	-2.075163e+00	4.374630e+00	2.072960e-02
R	2.526645e+00	1.750726e+00	-1.912687e+00	1477010455350000	-4.871648e-01	2.440567e+00	-7.267860e-01	-2.076215e+00	4.375667e+00	1.382155e-02
L	-6.369379e-01	2.493309e+00	1477010455400000	-5.234682e-01	2.336744e+00	-7.254135e-01	-2.076896e+00	4.376358e+00	6.911322e-03
R	2.181128e+00	1.817507e+00	-1.878648e+00	1477010455450000	-5.597210e-01	2.232893e+00	-7.247166e-01	-2.077206e+00	4.376703e+00	-1.768935e-16
L	-5.701082e-01	2.082672e+00	1477010455500000	-5.959568e-01	2.129032e+00	-7.246958e-01	-2.077147e+00	4.376703e+00	-6.911322e-03
R	1.944319e+00	1.879269e+00	-1.869711e+00	1477010455550000	-6.322095e-01	2.025181e+00	-7.253510e-01	-2.076717e+00	4.376358e+00	-1.382155e-02
L	-6.855028e-01	1.694394e+00	1477010455600000	-6.685130e-01	1.921358e+00	-7.266818e-01	-2.075918e+00	4.375667e+00	-2.072960e-02
R	2.038498e+00	1.944948e+00	-1.610634e+00	1477010455650000	-7.049008e-01	1.817581e+00	-7.286867e-01	-2.074747e+00	4.374630e+00	-2.763437e-02
L	-6.426204e-01	1.733820e+00	1477010455700000	-7.414068e-01	1.713869e+00	-7.313640e-01	-2.073203e+00	4.373248e+00	-3.453479e-02
R	1.918336e+00	2.038483e+00	-1.640102e+00	1477010455750000	-7.780645e-01	1.610240e+00	-7.347112e-01	-2.071284e+00	4.371522e+00	-4.142974e-02
L	-8.030792e-01	1.501609e+00	1477010455800000	-8.149073e-01	1.506714e+00	-7.387254e-01	-2.068988e+00	4.369450e+00	-4.831816e-02
R	1.834468e+00	2.123646e+00	-1.390879e+00	1477010455850000	-8.519685e-01	1.403310e+00	-7.434029e-01	-2.066311e+00	4.367034e+00	-5.519894e-02
L	-9.694316e-01	1.328847e+00	1477010455900000	-8.892812e-01	1.300046e+00	-7.487395e-01	-2.063250e+00	4.364274e+00	-6.207101e-02
R	1.120570e+00	2.235701e+00	-1.125446e+00	1477010455950000	-9.268782e-01	1.196941e+00	-7.547303e-01	-2.059800e+00	4.361171e+00	-6.893328e-02
L	-8.131955e-01	1.338736e+00	1477010456000000	-9.647921e-01	1.094017e+00	-7.613699e-01	-2.055957e+00	4.357724e+00	-7.578466e-02
R	9.814731e-01	2.341415e+00	-7.896965e-01	1477010456050000	-1.003055e+00	9.912911e-01	-7.686523e-01	-2.051715e+00	4.353935e+00	-8.262407e-02
L	-1.075986e+00	9.489712e-01	1477010456100000	-1.041700e+00	8.887850e-01	-7.765708e-01	-2.047070e+00	4.349804e+00	-8.945044e-02
R	1.096529e+00	2.505214e+00	-5.126098e-01	1477010456150000	-1.080757e+00	7.865187e-01	-7.851183e-01	-2.042015e+00	4.345331e+00	-9.626268e-02
L	-1.179102e+00	6.875263e-01	1477010456200000	-1.120258e+00	6.845128e-01	-7.942867e-01	-2.036543e+00	4.340518e+00	-1.030597e-01
R	1.044746e+00	2.668964e+00	-1.323353e-01	1477010456250000	-1.160235e+00	5.827884e-01	-8.040676e-01	-2.030649e+00	4.335365e+00	-1.098405e-01
L	-9.896330e-01	6.423243e-01	1477010456300000	-1.200717e+00	4.813669e-01	-8.144519e-01	-2.024323e+00	4.329873e+00	-1.166039e-01
R	1.256771e+00	2.837634e+00	1.389828e-01	1477010456350000	-1.241734e+00	3.802700e-01	-8.254298e-01	-2.017560e+00	4.324043e+00	-1.233489e-01
L	-1.169105e+00	4.200979e-01	1477010456400000	-1.283317e+00	2.795199e-01	-8.369909e-01	-2.010350e+00	4.317875e+00	-1.300744e-01
R	1.773706e+00	2.998757e+00	5.850366e-01	1477010456450000	-1.325493e+00	1.791392e-01	-8.491243e-01	-2.002686e+00	4.311372e+00	-1.367794e-01
L	-1.250273e+00	-1.088382e-01	1477010456500000	-1.368291e+00	7.915088e-02	-8.618183e-01	-1.994558e+00	4.304533e+00	-1.434628e-01
R	1.505665e+00	-3.104553e+00	9.470496e-01	1477010456550000	-1.411739e+00	-2.042163e-02	-8.750607e-01	-1.985959e+00	4.297360e+00	-1.501236e-01
L	-1.451897e+00	-1.492746e-01	1477010456600000	-1.455865e+00	-1.195544e-01	-8.888384e-01	-1.976878e+00	4.289853e+00	-1.567606e-01
R	1.782225e+00	-2.993755e+00	1.032577e+00	1477010456650000	-1.500693e+00	-2.182231e-01	-9.031379e-01	-1.967307e+00	4.282015e+00	-1.633729e-01
L	-1.485677e+00	-4.450788e-01	1477010456700000	-1.546252e+00	-3.164030e-01	-9.179451e-01	-1.957235e+00	4.273847e+00	-1.699593e-01
R	2.168067e+00	-2.870698e+00	1.405297e+00	1477010456750000	-1.592564e+00	-4.140685e-01	-9.332451e-01	-1.946654e+00	4.265349e+00	-1.765190e-01
L	-1.555862e+00	-4.791430e-01	1477010456800000	-1.639655e+00	-5.111941e-01	-9.490224e-01	-1.935553e+00	4.256523e+00	-1.830507e-01
R	1.374226e+00	-2.785512e+00	1.583549e+00	1477010456850000	-1.687549e+00	-6.077532e-01	-9.652608e-01	-1.923923e+00	4.247370e+00	-1.895536e-01
L	-1.991125e+00	-9.999383e-01	1477010456900000	-1.736267e+00	-7.037192e-01	-9.819437e-01	-1.911752e+00	4.237893e+00	-1.960265e-01
R	2.234642e+00	-2.720182e+00	1.728915e+00	1477010456950000	-1.785832e+00	-7.990647e-01	-9.990535e-01	-1.899032e+00	4.228091e+00	-2.024685e-01
L	-1.940968e+00	-9.238107e-01	1477010457000000	-1.836264e+00	-8.937618e-01	-1.016572e+00	-1.885752e+00	4.217968e+00	-2.088785e-01
R	2.583918e+00	-2.674957e+00	1.843829e+00	1477010457050000	-1.887584e+00	-9.877823e-01	-1.034481e+00	-1.871902e+00	4.207524e+00	-2.152555e-01
L	-1.985834e+00	-1.000761e+00	1477010457100000	-1.939811e+00	-1.081097e+00	-1.052761e+00	-1.857472e+00	4.196761e+00	-2.215985e-01
R	2.473250e+00	-2.603299e+00	1.858842e+00	1477010457150000	-1.992962e+00	-1.173677e+00	-1.071392e+00	-1.842453e+00	4.185681e+00	-2.279066e-01
L	-2.113343e+00	-1.235558e+00	1477010457200000	-2.047056e+00	-1.265493e+00	-1.090353e+00	-1.826834e+00	4.174286e+00	-2.341786e-01
R	2.282029e+00	-2.540896e+00	1.910020e+00	1477010457250000	-2.102107e+00	-1.356513e+00	-1.109624e+00	-1.810606e+00	4.162577e+00	-2.404137e-01
L	-2.375429e+00	-1.242442e+00	1477010457300000	-2.158131e+00	-1.446708e+00	-1.129181e+00	-1.793759e+00	4.150556e+00	-2.466108e-01
R	2.749453e+00	-2.552706e+00	1.958476e+00	1477010457350000	-2.215141e+00	-1.536045e+00	-1.149004e+00	-1.776286e+00	4.138226e+00	-2.527689e-01
L	-2.118823e+00	-1.456682e+00	1477010457400000	-2.273151e+00	-1.624494e+00	-1.169070e+00	-1.758176e+00	4.125587e+00	-2.588872e-01
R	3.426490e+00	-2.510934e+00	1.946380e+00	1477010457450000	-2.332172e+00	-1.712022e+00	-1.189353e+00	-1.739421e+00	4.112643e+00	-2.649645e-01
L	-2.429119e+00	-1.954651e+00	1477010457500000	-2.392214e+00	-1.798597e+00	-1.209832e+00	-1.720013e+00	4.099395e+00	-2.710000e-01
R	2.784658e+00	-2.486972e+00	1.957582e+00	1477010457550000	-2.453286e+00	-1.884185e+00	-1.230480e+00	-1.699945e+00	4.085845e+00	-2.769928e-01
L	-2.424642e+00	-1.820259e+00	1477010457600000	-2.515397e+00	-1.968754e+00	-1.251273e+00	-1.679209e+00	4.071995e+00	-2.829417e-01
R	3.685561e+00	-2.476205e+00	2.105869e+00	1477010457650000	-2.578552e+00	-2.052269e+00	-1.272185e+00	-1.657798e+00	4.057848e+00	-2.888460e-01
L	-2.700163e+00	-2.394034e+00	1477010457700000	-2.642758e+00	-2.134696e+00	-1.293190e+00	-1.635706e+00	4.043406e+00	-2.947047e-01
R	3.260403e+00	-2.463146e+00	1.873369e+00	1477010457750000	-2.708018e+00	-2.216002e+00	-1.314262e+00	-1.612927e+00	4.028670e+00	-3.005169e-01
L	-2.665702e+00	-2.316038e+00	1477010457800000	-2.774334e+00	-2.296152e+00	-1.335373e+00	-1.589457e+00	4.013645e+00	-3.062816e-01
R	3.914634e+00	-2.436850e+00	2.029030e+00	1477010457850000	-2.841709e+00	-2.375111e+00	-1.356496e+00	-1.565289e+00	3.998331e+00	-3.119979e-01
L	-2.769830e+00	-2.562256e+00	1477010457900000	-2.910141e+00	-2.452843e+00	-1.377602e+00	-1.540421e+00	3.982731e+00	-3.176650e-01
R	3.535644e+00	-2.428376e+00	1.997463e+00	1477010457950000	-2.979630e+00	-2.529314e+00	-1.398665e+00	-1.514849e+00	3.966847e+00	-3.232819e-01
L	-3.039349e+00	-2.544363e+00	1477010458000000	-3.050173e+00	-2.604488e+00	-1.419655e+00	-1.488571e+00	3.950683e+00	-3.288477e-01
R	4.402994e+00	-2.439352e+00	2.067968e+00	1477010458050000	-3.121764e+00	-2.678329e+00	-1.440543e+00	-1.461585e+00	3.934241e+00	-3.343617e-01
L	-3.106854e+00	-3.033902e+00	1477010458100000	-3.194399e+00	-2.750803e+00	-1.461301e+00	-1.433888e+00	3.917523e+00	-3.398228e-01
R	4.099457e+00	-2.449617e+00	1.941081e+00	1477010458150000	-3.268069e+00	-2.821873e+00	-1.481898e+00	-1.405483e+00	3.900532e+00	-3.452302e-01
L	-3.415778e+00	-2.961795e+00	1477010458200000	-3.342767e+00	-2.891504e+00	-1.502305e+00	-1.376368e+00	3.883270e+00	-3.505832e-01
R	4.305364e+00	-2.424146e+00	1.975429e+00	1477010458250000	-3.418482e+00	-2.959661e+00	-1.522493e+00	-1.346545e+00	3.865741e+00	-3.558808e-01
L	-3.917416e+00	-3.053247e+00	1477010458300000	-3.495201e+00	-3.026307e+00	-1.542431e+00	-1.316016e+00	3.847947e+00	-3.611222e-01
R	4.754724e+00	-2.440503e+00	1.918774e+00	1477010458350000	-3.572913e+00	-3.091408e+00	-1.562089e+00	-1.284785e+00	3.829891e+00	-3.663065e-01
L	-3.643821e+00	-3.234911e+00	1477010458400000	-3.651601e+00	-3.154929e+00	-1.581437e+00	-1.252856e+00	3.811576e+00	-3.714330e-01
R	4.919906e+00	-2.436275e+00	2.126374e+00	1477010458450000	-3.731250e+00	-3.216834e+00	-1.600444e+00	-1.220233e+00	3.793004e+00	-3.765009e-01
L	-3.588415e+00	-3.174824e+00	1477010458500000	-3.811842e+00	-3.277089e+00	-1.619082e+00	-1.186922e+00	3.774179e+00	-3.815093e-01
R	4.911761e+00	-2.415672e+00	2.057241e+00	1477010458550000	-3.893357e+00	-3.335659e+00	-1.637318e+00	-1.152930e+00	3.755103e+00	-3.864575e-01
L	-3.888974e+00	-3.213297e+00	1477010458600000	-3.975775e+00	-3.392511e+00	-1.655124e+00	-1.118265e+00	3.735781e+00	-3.913446e-01
R	5.311628e+00	-2.454270e+00	2.035331e+00	1477010458650000	-4.059072e+00	-3.447611e+00	-1.672470e+00	-1.082936e+00	3.716213e+00	-3.961700e-01
L	-3.925214e+00	-3.409364e+00	1477010458700000	-4.143227e+00	-3.500926e+00	-1.689324e+00	-1.046952e+00	3.696405e+00	-4.009327e-01
R	5.753875e+00	-2.450849e+00	2.025865e+00	1477010458750000	-4.228212e+00	-3.552424e+00	-1.705659e+00	-1.010324e+00	3.676358e+00	-4.056322e-01
L	-4.191815e+00	-3.475412e+00	1477010458800000	-4.314001e+00	-3.602072e+00	-1.721444e+00	-9.730642e-01	3.656077e+00	-4.102676e-01
R	5.732904e+00	-2.472638e+00	2.146898e+00	1477010458850000	-4.400567e+00	-3.649839e+00	-1.736651e+00	-9.351850e-01	3.635563e+00	-4.148383e-01
L	-4.486254e+00	-3.826535e+00	1477010458900000	-4.487878e+00	-3.695694e+00	-1.751250e+00	-8.967001e-01	3.614821e+00	-4.193434e-01
R	5.851526e+00	-2.460569e+00	1.971133e+00	1477010458950000	-4.575904e+00	-3.739608e+00	-1.765214e+00	-8.576243e-01	3.593854e+00	-4.237823e-01
L	-4.695384e+00	-3.779211e+00	1477010459000000	-4.664612e+00	-3.781551e+00	-1.778514e+00	-8.179733e-01	3.572665e+00	-4.281543e-01
R	6.618859e+00	-2.467927e+00	1.929766e+00	1477010459050000	-4.753969e+00	-3.821494e+00	-1.791123e+00	-7.777638e-01	3.551257e+00	-4.324586e-01
L	-4.664184e+00	-3.938298e+00	1477010459100000	-4.843939e+00	-3.859411e+00	-1.803014e+00	-7.370136e-01	3.529634e+00	-4.366947e-01
R	6.138409e+00	-2.477404e+00	1.902678e+00	1477010459150000	-4.934484e+00	-3.895275e+00	-1.814160e+00	-6.957412e-01	3.507800e+00	-4.408618e-01
L	-5.117419e+00	-4.131597e+00	1477010459200000	-5.025568e+00	-3.929060e+00	-1.824537e+00	-6.539663e-01	3.485756e+00	-4.449593e-01
R	6.374001e+00	-2.483635e+00	1.907466e+00	1477010459250000	-5.117151e+00	-3.960740e+00	-1.834117e+00	-6.117094e-01	3.463509e+00	-4.489866e-01
L	-5.187364e+00	-3.991382e+00	1477010459300000	-5.209193e+00	-3.990294e+00	-1.842878e+00	-5.689920e-01	3.441059e+00	-4.529429e-01
R	7.202553e+00	-2.517941e+00	1.942487e+00	1477010459350000	-5.301651e+00	-4.017698e+00	-1.850795e+00	-5.258365e-01	3.418412e+00	-4.568277e-01
L	-5.275958e+00	-3.878049e+00	1477010459400000	-5.394483e+00	-4.042930e+00	-1.857845e+00	-4.822661e-01	3.395571e+00	-4.606404e-01
R	7.164625e+00	-2.504234e+00	1.622327e+00	1477010459450000	-5.487645e+00	-4.065972e+00	-1.864006e+00	-4.383049e-01	3.372539e+00	-4.643804e-01
L	-5.558637e+00	-4.049956e+00	1477010459500000	-5.581091e+00	-4.086803e+00	-1.869256e+00	-3.939780e-01	3.349320e+00	-4.680470e-01
R	7.588018e+00	-2.504932e+00	1.778427e+00	1477010459550000	-5.674776e+00	-4.105407e+00	-1.873574e+00	-3.493109e-01	3.325917e+00	-4.716397e-01
L	-5.764215e+00	-3.951373e+00	1477010459600000	-5.768652e+00	-4.121766e+00	-1.876942e+00	-3.043303e-01	3.302335e+00	-4.751579e-01
R	7.155002e+00	-2.527794e+00	1.667124e+00	1477010459650000	-5.862671e+00	-4.135867e+00	-1.879340e+00	-2.590634e-01	3.278577e+00	-4.786011e-01
L	-5.928724e+00	-4.061209e+00	1477010459700000	-5.956784e+00	-4.147694e+00	-1.880751e+00	-2.135383e-01	3.254647e+00	-4.819687e-01
R	7.234018e+00	-2.498379e+00	1.686610e+00	1477010459750000	-6.050941e+00	-4.157237e+00	-1.881157e+00	-1.677835e-01	3.230549e+00	-4.852602e-01
L	-6.109781e+00	-4.258822e+00	1477010459800000	-6.145091e+00	-4.164484e+00	-1.880543e+00	-1.218285e-01	3.206286e+00	-4.884750e-01
R	7.210209e+00	-2.565741e+00	1.456592e+00	1477010459850000	-6.239184e+00	-4.169427e+00	-1.878895e+00	-7.570306e-02	3.181862e+00	-4.916128e-01
L	-6.503449e+00	-4.178786e+00	1477010459900000	-6.333165e+00	-4.172057e+00	-1.876197e+00	-2.943780e-02	3.157282e+00	-4.946729e-01
R	7.809533e+00	-2.571614e+00	1.553491e+00	1477010459950000	-6.426984e+00	-4.172369e+00	-1.872439e+00	1.693627e-02	3.132548e+00	-4.976549e-01
L	-6.273652e+00	-4.243457e+00	1477010460000000	-6.520586e+00	-4.170357e+00	-1.867607e+00	6.338764e-02	3.107665e+00	-5.005583e-01
R	7.315920e+00	-2.585489e+00	1.604960e+00	1477010460050000	-6.613917e+00	-4.166020e+00	-1.861693e+00	1.098843e-01	3.082637e+00	-5.033826e-01
L	-6.529838e+00	-4.226303e+00	1477010460100000	-6.706922e+00	-4.159355e+00	-1.854687e+00	1.563939e-01	3.057468e+00	-5.061275e-01
R	7.402369e+00	-2.599771e+00	1.453861e+00	1477010460150000	-6.799548e+00	-4.150363e+00	-1.846581e+00	2.028836e-01	3.032162e+00	-5.087925e-01
L	-6.896777e+00	-4.286157e+00	1477010460200000	-6.891738e+00	-4.139045e+00	-1.837368e+00	2.493204e-01	3.006722e+00	-5.113771e-01
R	7.885395e+00	-2.590899e+00	1.365664e+00	1477010460250000	-6.983437e+00	-4.125406e+00	-1.827042e+00	2.956709e-01	2.981153e+00	-5.138809e-01
L	-7.016743e+00	-3.908561e+00	1477010460300000	-7.074589e+00	-4.109451e+00	-1.815600e+00	3.419015e-01	2.955459e+00	-5.163036e-01
R	8.174158e+00	-2.639506e+00	1.397378e+00	1477010460350000	-7.165138e+00	-4.091186e+00	-1.803037e+00	3.879784e-01	2.929644e+00	-5.186448e-01
L	-7.120461e+00	-3.772843e+00	1477010460400000	-7.255028e+00	-4.070620e+00	-1.789353e+00	4.338677e-01	2.903712e+00	-5.209041e-01
R	9.110925e+00	-2.644206e+00	1.334113e+00	1477010460450000	-7.344204e+00	-4.047764e+00	-1.774546e+00	4.795353e-01	2.877667e+00	-5.230811e-01
L	-7.499214e+00	-4.374484e+00	1477010460500000	-7.432607e+00	-4.022630e+00	-1.758617e+00	5.249472e-01	2.851512e+00	-5.251755e-01
R	8.463196e+00	-2.655984e+00	1.071270e+00	1477010460550000	-7.520183e+00	-3.995231e+00	-1.741567e+00	5.700693e-01	2.825254e+00	-5.271870e-01
L	-7.607244e+00	-3.972965e+00	1477010460600000	-7.606876e+00	-3.965584e+00	-1.723401e+00	6.148675e-01	2.798894e+00	-5.291152e-01
R	8.470032e+00	-2.641528e+00	1.161464e+00	1477010460650000	-7.692629e+00	-3.933704e+00	-1.704121e+00	6.593079e-01	2.772439e+00	-5.309599e-01
L	-8.024036e+00	-3.662648e+00	1477010460700000	-7.777388e+00	-3.899612e+00	-1.683734e+00	7.033566e-01	2.745891e+00	-5.327207e-01
R	8.920662e+00	-2.667299e+00	1.162955e+00	1477010460750000	-7.861096e+00	-3.863327e+00	-1.662246e+00	7.469800e-01	2.719255e+00	-5.343975e-01
L	-7.987904e+00	-3.774772e+00	1477010460800000	-7.943700e+00	-3.824872e+00	-1.639666e+00	7.901447e-01	2.692535e+00	-5.359898e-01
R	9.250163e+00	-2.674892e+00	1.172999e+00	1477010460850000	-8.025144e+00	-3.784271e+00	-1.616002e+00	8.328175e-01	2.665735e+00	-5.374975e-01
L	-7.879905e+00	-3.624434e+00	1477010460900000	-8.105375e+00	-3.741549e+00	-1.591265e+00	8.749656e-01	2.638860e+00	-5.389203e-01
R	9.038310e+00	-2.697545e+00	1.013245e+00	1477010460950000	-8.184339e+00	-3.696734e+00	-1.565466e+00	9.165566e-01	2.611914e+00	-5.402580e-01
L	-8.028040e+00	-3.665279e+00	1477010461000000	-8.261984e+00	-3.649855e+00	-1.538618e+00	9.575582e-01	2.584901e+00	-5.415104e-01
R	9.118825e+00	-2.721955e+00	1.103041e+00	1477010461050000	-8.338257e+00	-3.600942e+00	-1.510735e+00	9.979390e-01	2.557826e+00	-5.426773e-01
L	-8.454649e+00	-3.693264e+00	1477010461100000	-8.413108e+00	-3.550026e+00	-1.481832e+00	1.037668e+00	2.530692e+00	-5.437585e-01
R	8.862710e+00	-2.744489e+00	9.950811e-01	1477010461150000	-8.486485e+00	-3.497142e+00	-1.451925e+00	1.076714e+00	2.503504e+00	-5.447538e-01
L	-8.756971e+00	-3.421932e+00	1477010461200000	-8.558339e+00	-3.442324e+00	-1.421031e+00	1.115047e+00	2.476266e+00	-5.456631e-01
R	8.985412e+00	-2.767175e+00	8.494849e-01	1477010461250000	-8.628621e+00	-3.385610e+00	-1.389169e+00	1.152639e+00	2.448983e+00	-5.464862e-01
L	-8.717893e+00	-3.087148e+00	1477010461300000	-8.697284e+00	-3.327036e+00	-1.356358e+00	1.189459e+00	2.421659e+00	-5.472231e-01
R	9.755271e+00	-2.789877e+00	7.805849e-01	1477010461350000	-8.764280e+00	-3.266643e+00	-1.322619e+00	1.225481e+00	2.394298e+00	-5.478735e-01
L	-8.646354e+00	-2.951663e+00	1477010461400000	-8.829563e+00	-3.204471e+00	-1.287972e+00	1.260676e+00	2.366904e+00	-5.484374e-01
R	9.531863e+00	-2.794044e+00	8.827557e-01	1477010461450000	-8.893089e+00	-3.140562e+00	-1.252441e+00	1.295018e+00	2.339482e+00	-5.489147e-01
L	-9.046732e+00	-3.115521e+00	1477010461500000	-8.954815e+00	-3.074960e+00	-1.216048e+00	1.328482e+00	2.312037e+00	-5.493053e-01
R	9.365249e+00	-2.801133e+00	7.006633e-01	1477010461550000	-9.014698e+00	-3.007709e+00	-1.178817e+00	1.361042e+00	2.284571e+00	-5.496092e-01
L	-9.041672e+00	-3.040752e+00	1477010461600000	-9.072696e+00	-2.938856e+00	-1.140775e+00	1.392674e+00	2.257091e+00	-5.498263e-01
R	9.296660e+00	-2.832041e+00	7.416582e-01	1477010461650000	-9.128771e+00	-2.868447e+00	-1.101946e+00	1.423356e+00	2.229599e+00	-5.499566e-01
L	-9.186044e+00	-2.639193e+00	1477010461700000	-9.182882e+00	-2.796530e+00	-1.062358e+00	1.453064e+00	2.202102e+00	-5.500000e-01
R	9.439263e+00	-2.874834e+00	3.833871e-01	1477010461750000	-9.234995e+00	-2.723156e+00	-1.022038e+00	1.481778e+00	2.174602e+00	-5.499566e-01
L	-9.643256e+00	-2.517205e+00	1477010461800000	-9.285072e+00	-2.648374e+00	-9.810145e-01	1.509477e+00	2.147104e+00	-5.498263e-01
R	9.381986e+00	-2.858975e+00	4.598162e-01	1477010461850000	-9.333079e+00	-2.572235e+00	-9.393162e-01	1.536142e+00	2.119613e+00	-5.496092e-01
L	-9.309734e+00	-2.481821e+00	1477010461900000	-9.378983e+00	-2.494793e+00	-8.969729e-01	1.561754e+00	2.092132e+00	-5.493053e-01
R	9.833948e+00	-2.901880e+00	4.342132e-01	1477010461950000	-9.422754e+00	-2.416099e+00	-8.540149e-01	1.586297e+00	2.064667e+00	-5.489147e-01
L	-9.546977e+00	-2.355689e+00	1477010462000000	-9.464361e+00	-2.336208e+00	-8.104731e-01	1.609754e+00	2.037221e+00	-5.484374e-01
R	9.659909e+00	-2.898975e+00	3.169439e-01	1477010462050000	-9.503776e+00	-2.255175e+00	-7.663789e-01	1.632111e+00	2.009799e+00	-5.478735e-01
L	-9.787191e+00	-2.083972e+00	1477010462100000	-9.540973e+00	-2.173055e+00	-7.217643e-01	1.653353e+00	1.982406e+00	-5.472231e-01
R	9.543926e+00	-2.946899e+00	3.458226e-01	1477010462150000	-9.575926e+00	-2.089904e+00	-6.766616e-01	1.673468e+00	1.955044e+00	-5.464862e-01
L	-9.690302e+00	-2.124762e+00	1477010462200000	-9.608611e+00	-2.005779e+00	-6.311037e-01	1.692444e+00	1.927720e+00	-5.456631e-01
R	1.049213e+01	-2.933277e+00	1.633406e-01	1477010462250000	-9.639008e+00	-1.920736e+00	-5.851237e-01	1.710271e+00	1.900437e+00	-5.447538e-01
L	-9.773212e+00	-1.731010e+00	1477010462300000	-9.667096e+00	-1.834835e+00	-5.387553e-01	1.726940e+00	1.873199e+00	-5.437585e-01
R	9.658504e+00	-2.970040e+00	-4.783830e-02	1477010462350000	-9.692857e+00	-1.748132e+00	-4.920321e-01	1.742442e+00	1.846011e+00	-5.426773e-01
L	-9.844268e+00	-1.738522e+00	1477010462400000	-9.716274e+00	-1.660687e+00	-4.449884e-01	1.756772e+00	1.818877e+00	-5.415104e-01
R	9.521057e+00	-2.999217e+00	9.151345e-02	1477010462450000	-9.737331e+00	-1.572558e+00	-3.976583e-01	1.769923e+00	1.791802e+00	-5.402580e-01
L	-9.723943e+00	-1.506383e+00	1477010462500000	-9.756017e+00	-1.483804e+00	-3.500763e-01	1.781891e+00	1.764789e+00	-5.389203e-01
R	9.249163e+00	-2.991427e+00	3.232821e-01	1477010462550000	-9.772318e+00	-1.394485e+00	-3.022769e-01	1.792673e+00	1.737843e+00	-5.374975e-01
L	-9.788644e+00	-1.234957e+00	1477010462600000	-9.786226e+00	-1.304659e+00	-2.542947e-01	1.802267e+00	1.710968e+00	-5.359898e-01
R	9.597162e+00	-3.021092e+00	4.004646e-03	1477010462650000	-9.797732e+00	-1.214386e+00	-2.061643e-01	1.810674e+00	1.684169e+00	-5.343975e-01
L	-9.924088e+00	-1.219922e+00	1477010462700000	-9.806829e+00	-1.123725e+00	-1.579202e-01	1.817892e+00	1.657449e+00	-5.327207e-01
R	9.674690e+00	-3.027656e+00	-8.964573e-02	1477010462750000	-9.813514e+00	-1.032736e+00	-1.095971e-01	1.823926e+00	1.630813e+00	-5.309599e-01
L	-9.780901e+00	-1.027901e+00	1477010462800000	-9.817782e+00	-9.414780e-01	-6.122908e-02	1.828776e+00	1.604265e+00	-5.291152e-01
R	1.008275e+01	-3.083613e+00	-1.728087e-01	1477010462850000	-9.819634e+00	-8.500093e-01	-1.285052e-02	1.832449e+00	1.577809e+00	-5.271870e-01
L	-9.794211e+00	-1.027961e+00	1477010462900000	-9.819069e+00	-7.583890e-01	3.550468e-02	1.834950e+00	1.551450e+00	-5.251755e-01
R	1.014801e+01	-3.076779e+00	-3.327518e-01	1477010462950000	-9.816089e+00	-6.666753e-01	8.380279e-02	1.836285e+00	1.525191e+00	-5.230811e-01
L	-9.973958e+00	-5.365704e-01	1477010463000000	-9.810699e+00	-5.749263e-01	1.320104e-01	1.836463e+00	1.499037e+00	-5.209041e-01
R	9.789940e+00	-3.120580e+00	-3.273418e-01	1477010463050000	-9.802904e+00	-4.831995e-01	1.800946e-01	1.835493e+00	1.472992e+00	-5.186448e-01
L	-9.712513e+00	-3.909621e-01	1477010463100000	-9.792710e+00	-3.915519e-01	2.280226e-01	1.833386e+00	1.447059e+00	-5.163036e-01
R	1.033452e+01	-3.092232e+00	-4.514137e-01	1477010463150000	-9.780127e+00	-3.000399e-01	2.757623e-01	1.830153e+00	1.421244e+00	-5.138809e-01
L	-9.705705e+00	-8.295388e-02	1477010463200000	-9.765165e+00	-2.087194e-01	3.232819e-01	1.825807e+00	1.395550e+00	-5.113771e-01
R	9.521252e+00	-3.118705e+00	-4.485050e-01	1477010463250000	-9.747836e+00	-1.176457e-01	3.705504e-01	1.820361e+00	1.369981e+00	-5.087925e-01
L	-9.514485e+00	-2.311906e-01	1477010463300000	-9.728152e+00	-2.687310e-02	4.175371e-01	1.813832e+00	1.344542e+00	-5.061275e-01
R	9.654129e+00	3.155397e+00	-5.194144e-01	1477010463350000	-9.706130e+00	6.354467e-02	4.642121e-01	1.806235e+00	1.319235e+00	-5.033826e-01
L	-9.707694e+00	2.120171e-01	1477010463400000	-9.681786e+00	1.535548e-01	5.105460e-01	1.797587e+00	1.294066e+00	-5.005583e-01
R	9.880651e+00	3.126558e+00	-3.496193e-01	1477010463450000	-9.655136e+00	2.431053e-01	5.565103e-01	1.787906e+00	1.269038e+00	-4.976549e-01
L	-9.641766e+00	3.689041e-01	1477010463500000	-9.626202e+00	3.321452e-01	6.020769e-01	1.777213e+00	1.244155e+00	-4.946729e-01
R	9.768318e+00	3.104379e+00	-5.938816e-01	1477010463550000	-9.595002e+00	4.206246e-01	6.472189e-01	1.765526e+00	1.219422e+00	-4.916128e-01
L	-9.607962e+00	6.963489e-01	1477010463600000	-9.561559e+00	5.084943e-01	6.919098e-01	1.752868e+00	1.194841e+00	-4.884750e-01
R	9.504463e+00	3.114289e+00	-6.209373e-01	1477010463650000	-9.525897e+00	5.957065e-01	7.361242e-01	1.739260e+00	1.170417e+00	-4.852602e-01
L	-9.454017e+00	8.766327e-01	1477010463700000	-9.488040e+00	6.822145e-01	7.798375e-01	1.724725e+00	1.146154e+00	-4.819687e-01
R	9.662082e+00	3.058009e+00	-8.175653e-01	1477010463750000	-9.448012e+00	7.679726e-01	8.230259e-01	1.709287e+00	1.122056e+00	-4.786011e-01
L	-9.418414e+00	8.797975e-01	1477010463800000	-9.405842e+00	8.529364e-01	8.656666e-01	1.692971e+00	1.098126e+00	-4.751579e-01
R	9.312517e+00	3.031487e+00	-8.063751e-01	1477010463850000	-9.361558e+00	9.370629e-01	9.077379e-01	1.675802e+00	1.074368e+00	-4.716397e-01
L	-9.146229e+00	1.200271e+00	1477010463900000	-9.315187e+00	1.020310e+00	9.492187e-01	1.657806e+00	1.050786e+00	-4.680470e-01
R	9.784258e+00	3.021533e+00	-7.389810e-01	1477010463950000	-9.266761e+00	1.102637e+00	9.900893e-01	1.639009e+00	1.027384e+00	-4.643804e-01
L	-9.432014e+00	1.361168e+00	1477010464000000	-9.216309e+00	1.184006e+00	1.030331e+00	1.619440e+00	1.004165e+00	-4.606404e-01
R	9.151040e+00	2.992308e+00	-7.798040e-01	1477010464050000	-9.163865e+00	1.264377e+00	1.069925e+00	1.599127e+00	9.811327e-01	-4.568277e-01
L	-9.059407e+00	1.249991e+00	1477010464100000	-9.109460e+00	1.343716e+00	1.108856e+00	1.578097e+00	9.582913e-01	-4.529429e-01
R	9.226249e+00	2.972195e+00	-1.022965e+00	1477010464150000	-9.053129e+00	1.421986e+00	1.147108e+00	1.556380e+00	9.356441e-01	-4.489866e-01
L	-9.003499e+00	1.598710e+00	1477010464200000	-8.994905e+00	1.499155e+00	1.184665e+00	1.534006e+00	9.131948e-01	-4.449593e-01
R	9.428186e+00	2.970276e+00	-8.783999e-01	1477010464250000	-8.934823e+00	1.575190e+00	1.221515e+00	1.511005e+00	8.909468e-01	-4.408618e-01
L	-8.684795e+00	1.706677e+00	1477010464300000	-8.872920e+00	1.650061e+00	1.257645e+00	1.487406e+00	8.689038e-01	-4.366947e-01
R	9.151343e+00	2.958298e+00	-1.038529e+00	1477010464350000	-8.809230e+00	1.723739e+00	1.293044e+00	1.463242e+00	8.470690e-01	-4.324586e-01
L	-8.712610e+00	1.814468e+00	1477010464400000	-8.743792e+00	1.796196e+00	1.327701e+00	1.438542e+00	8.254461e-01	-4.281543e-01
R	8.639156e+00	2.930638e+00	-9.900202e-01	1477010464450000	-8.676643e+00	1.867407e+00	1.361607e+00	1.413339e+00	8.040384e-01	-4.237823e-01
L	-8.541827e+00	2.073955e+00	1477010464500000	-8.607819e+00	1.937348e+00	1.394755e+00	1.387663e+00	7.828493e-01	-4.193434e-01
R	8.368433e+00	2.916966e+00	-1.017429e+00	1477010464550000	-8.537359e+00	2.005995e+00	1.427137e+00	1.361546e+00	7.618821e-01	-4.148383e-01
L	-8.562468e+00	1.853933e+00	1477010464600000	-8.465301e+00	2.073327e+00	1.458748e+00	1.335020e+00	7.411402e-01	-4.102676e-01
R	8.695760e+00	2.913919e+00	-1.140025e+00	1477010464650000	-8.391684e+00	2.139325e+00	1.489582e+00	1.308118e+00	7.206268e-01	-4.056322e-01
L	-8.352362e+00	2.297963e+00	1477010464700000	-8.316547e+00	2.203972e+00	1.519637e+00	1.280870e+00	7.003452e-01	-4.009327e-01
R	8.214793e+00	2.854470e+00	-1.156997e+00	1477010464750000	-8.239928e+00	2.267249e+00	1.548910e+00	1.253309e+00	6.802985e-01	-3.961700e-01
L	-8.097032e+00	2.304475e+00	1477010464800000	-8.161867e+00	2.329144e+00	1.577399e+00	1.225466e+00	6.604901e-01	-3.913446e-01
R	8.893511e+00	2.846333e+00	-1.259526e+00	1477010464850000	-8.082403e+00	2.389641e+00	1.605103e+00	1.197373e+00	6.409228e-01	-3.864575e-01
L	-7.924511e+00	2.650222e+00	1477010464900000	-8.001574e+00	2.448731e+00	1.632024e+00	1.169063e+00	6.215999e-01	-3.815093e-01
R	8.833644e+00	2.828620e+00	-1.306615e+00	1477010464950000	-7.919420e+00	2.506402e+00	1.658162e+00	1.140565e+00	6.025245e-01	-3.765009e-01
L	-7.714782e+00	2.496035e+00	1477010465000000	-7.835980e+00	2.562647e+00	1.683520e+00	1.111912e+00	5.836994e-01	-3.714330e-01
R	8.667335e+00	2.804148e+00	-1.258078e+00	1477010465050000	-7.751293e+00	2.617458e+00	1.708102e+00	1.083135e+00	5.651278e-01	-3.663065e-01
L	-7.775722e+00	2.604452e+00	1477010465100000	-7.665397e+00	2.670829e+00	1.731912e+00	1.054264e+00	5.468125e-01	-3.611222e-01
R	7.832231e+00	2.782845e+00	-1.357431e+00	1477010465150000	-7.578330e+00	2.722758e+00	1.754956e+00	1.025329e+00	5.287563e-01	-3.558808e-01
L	-7.664410e+00	2.867141e+00	1477010465200000	-7.490131e+00	2.773241e+00	1.777238e+00	9.963603e-01	5.109623e-01	-3.505832e-01
R	7.648580e+00	2.783166e+00	-1.219208e+00	1477010465250000	-7.400837e+00	2.822278e+00	1.798767e+00	9.673881e-01	4.934331e-01	-3.452302e-01
L	-7.364666e+00	2.806728e+00	1477010465300000	-7.310485e+00	2.869868e+00	1.819551e+00	9.384414e-01	4.761716e-01	-3.398228e-01
R	7.680939e+00	2.731774e+00	-1.343884e+00	1477010465350000	-7.219114e+00	2.916015e+00	1.839597e+00	9.095490e-01	4.591805e-01	-3.343617e-01
L	-7.108487e+00	2.694301e+00	1477010465400000	-7.126758e+00	2.960722e+00	1.858915e+00	8.807392e-01	4.424624e-01	-3.288477e-01
R	7.439733e+00	2.736272e+00	-1.507343e+00	1477010465450000	-7.033454e+00	3.003993e+00	1.877515e+00	8.520399e-01	4.260200e-01	-3.232819e-01
L	-6.742935e+00	3.130196e+00	1477010465500000	-6.939238e+00	3.045834e+00	1.895407e+00	8.234786e-01	4.098559e-01	-3.176650e-01
R	7.143088e+00	2.741945e+00	-1.454076e+00	1477010465550000	-6.844145e+00	3.086254e+00	1.912604e+00	7.950820e-01	3.939727e-01	-3.119979e-01
L	-7.074280e+00	2.978181e+00	1477010465600000	-6.748209e+00	3.125260e+00	1.929117e+00	7.668764e-01	3.783728e-01	-3.062816e-01
R	7.630099e+00	2.714467e+00	-1.477555e+00	1477010465650000	-6.651463e+00	3.162864e+00	1.944958e+00	7.388877e-01	3.630587e-01	-3.005169e-01
L	-6.637694e+00	3.282209e+00	1477010465700000	-6.553941e+00	3.199076e+00	1.960141e+00	7.111409e-01	3.480329e-01	-2.947047e-01
R	7.280213e+00	2.668695e+00	-1.457005e+00	1477010465750000	-6.455676e+00	3.233910e+00	1.974679e+00	6.836606e-01	3.332976e-01	-2.888460e-01
L	-6.437014e+00	3.262640e+00	1477010465800000	-6.356698e+00	3.267379e+00	1.988585e+00	6.564708e-01	3.188553e-01	-2.829417e-01
R	6.821626e+00	2.679416e+00	-1.319327e+00	1477010465850000	-6.257040e+00	3.299498e+00	2.001875e+00	6.295948e-01	3.047082e-01	-2.769928e-01
L	-6.312223e+00	3.512788e+00	1477010465900000	-6.156732e+00	3.330284e+00	2.014562e+00	6.030554e-01	2.908586e-01	-2.710000e-01
R	7.072120e+00	2.616108e+00	-1.566211e+00	1477010465950000	-6.055802e+00	3.359753e+00	2.026663e+00	5.768746e-01	2.773086e-01	-2.649645e-01
L	-6.000740e+00	3.223071e+00	1477010466000000	-5.954281e+00	3.387925e+00	2.038191e+00	5.510738e-01	2.640604e-01	-2.588872e-01
R	6.671905e+00	2.577498e+00	-1.421408e+00	1477010466050000	-5.852196e+00	3.414818e+00	2.049163e+00	5.256739e-01	2.511160e-01	-2.527689e-01
L	-5.700297e+00	3.361735e+00	1477010466100000	-5.749574e+00	3.440454e+00	2.059594e+00	5.006950e-01	2.384776e-01	-2.466108e-01
R	6.413562e+00	2.566702e+00	-1.506947e+00	1477010466150000	-5.646443e+00	3.464853e+00	2.069501e+00	4.761565e-01	2.261470e-01	-2.404137e-01
L	-5.693489e+00	3.551330e+00	1477010466200000	-5.542827e+00	3.488038e+00	2.078898e+00	4.520773e-01	2.141263e-01	-2.341786e-01
R	6.400158e+00	2.577714e+00	-1.597502e+00	1477010466250000	-5.438753e+00	3.510033e+00	2.087803e+00	4.284757e-01	2.024174e-01	-2.279066e-01
L	-5.461100e+00	3.262506e+00	1477010466300000	-5.334243e+00	3.530862e+00	2.096231e+00	4.053690e-01	1.910221e-01	-2.215985e-01
R	6.606586e+00	2.539970e+00	-1.519887e+00	1477010466350000	-5.229321e+00	3.550549e+00	2.104199e+00	3.827743e-01	1.799422e-01	-2.152555e-01
L	-5.196254e+00	3.680640e+00	1477010466400000	-5.124010e+00	3.569121e+00	2.111722e+00	3.607078e-01	1.691794e-01	-2.088785e-01
R	5.772396e+00	2.539454e+00	-1.677929e+00	1477010466450000	-5.018332e+00	3.586605e+00	2.118817e+00	3.391849e-01	1.587355e-01	-2.024685e-01
L	-4.816738e+00	3.704744e+00	1477010466500000	-4.912307e+00	3.603028e+00	2.125499e+00	3.182209e-01	1.486120e-01	-1.960265e-01
R	6.477597e+00	2.471449e+00	-1.492597e+00	1477010466550000	-4.805956e+00	3.618418e+00	2.131784e+00	2.978298e-01	1.388107e-01	-1.895536e-01
L	-4.794085e+00	3.687365e+00	1477010466600000	-4.699297e+00	3.632804e+00	2.137688e+00	2.780256e-01	1.293330e-01	-1.830507e-01
R	6.136270e+00	2.482933e+00	-1.430666e+00	1477010466650000	-4.592351e+00	3.646216e+00	2.143227e+00	2.588213e-01	1.201805e-01	-1.765190e-01
L	-4.538542e+00	3.816522e+00	1477010466700000	-4.485134e+00	3.658684e+00	2.148414e+00	2.402294e-01	1.113545e-01	-1.699593e-01
R	5.396281e+00	2.420841e+00	-1.373811e+00	1477010466750000	-4.377663e+00	3.670239e+00	2.153266e+00	2.222619e-01	1.028566e-01	-1.633729e-01
L	-4.251161e+00	3.489353e+00	1477010466800000	-4.269956e+00	3.680912e+00	2.157796e+00	2.049301e-01	9.468793e-02	-1.567606e-01
R	5.749354e+00	2.421869e+00	-1.374838e+00	1477010466850000	-4.162027e+00	3.690735e+00	2.162019e+00	1.882447e-01	8.684990e-02	-1.501236e-01
L	-4.198739e+00	3.947119e+00	1477010466900000	-4.053892e+00	3.699742e+00	2.165949e+00	1.722160e-01	7.934372e-02	-1.434628e-01
R	5.065669e+00	2.421458e+00	-1.443947e+00	1477010466950000	-3.945564e+00	3.707964e+00	2.169599e+00	1.568536e-01	7.217058e-02	-1.367794e-01
L	-4.037597e+00	3.850614e+00	1477010467000000	-3.837058e+00	3.715436e+00	2.172982e+00	1.421667e-01	6.533161e-02	-1.300744e-01
R	5.475795e+00	2.333594e+00	-1.414359e+00	1477010467050000	-3.728387e+00	3.722191e+00	2.176110e+00	1.281638e-01	5.882788e-02	-1.233489e-01
L	-3.662089e+00	3.751235e+00	1477010467100000	-3.619562e+00	3.728263e+00	2.178996e+00	1.148531e-01	5.266044e-02	-1.166039e-01
R	4.953174e+00	2.331633e+00	-1.370163e+00	1477010467150000	-3.510596e+00	3.733688e+00	2.181652e+00	1.022420e-01	4.683024e-02	-1.098405e-01
L	-3.409601e+00	3.858710e+00	1477010467200000	-3.401500e+00	3.738501e+00	2.184088e+00	9.033776e-02	4.133822e-02	-1.030597e-01
R	4.460780e+00	2.333287e+00	-1.433103e+00	1477010467250000	-3.292285e+00	3.742736e+00	2.186315e+00	7.914685e-02	3.618523e-02	-9.626268e-02
L	-3.150851e+00	3.451015e+00	1477010467300000	-3.182960e+00	3.746431e+00	2.188342e+00	6.867542e-02	3.137210e-02	-8.945044e-02
R	5.063045e+00	2.272408e+00	-1.384065e+00	1477010467350000	-3.073536e+00	3.749620e+00	2.190180e+00	5.892913e-02	2.689958e-02	-8.262407e-02
L	-2.750627e+00	3.671153e+00	1477010467400000	-2.964021e+00	3.752340e+00	2.191837e+00	4.991319e-02	2.276837e-02	-7.578466e-02
R	4.570020e+00	2.235318e+00	-1.384531e+00	1477010467450000	-2.854424e+00	3.754628e+00	2.193322e+00	4.163235e-02	1.897914e-02	-6.893328e-02
L	-2.732816e+00	3.692927e+00	1477010467500000	-2.744755e+00	3.756521e+00	2.194641e+00	3.409094e-02	1.553247e-02	-6.207101e-02
R	4.776620e+00	2.157819e+00	-1.271889e+00	1477010467550000	-2.635020e+00	3.758055e+00	2.195801e+00	2.729285e-02	1.242892e-02	-5.519894e-02
L	-2.733954e+00	3.763228e+00	1477010467600000	-2.525229e+00	3.759268e+00	2.196810e+00	2.124157e-02	9.668977e-03	-4.831816e-02
R	4.421519e+00	2.149876e+00	-1.083095e+00	1477010467650000	-2.415387e+00	3.760197e+00	2.197673e+00	1.594015e-02	7.253069e-03	-4.142974e-02
L	-2.247930e+00	3.986240e+00	1477010467700000	-2.305503e+00	3.760881e+00	2.198393e+00	1.139126e-02	5.181582e-03	-3.453479e-02
R	4.865511e+00	2.062136e+00	-1.151510e+00	1477010467750000	-2.195582e+00	3.761355e+00	2.198977e+00	7.597150e-03	3.454842e-03	-2.763437e-02
L	-2.419103e+00	3.603397e+00	1477010467800000	-2.085633e+00	3.761659e+00	2.199427e+00	4.559691e-03	2.073124e-03	-2.072960e-02
R	4.176438e+00	2.049303e+00	-9.187436e-01	1477010467850000	-1.975662e+00	3.761830e+00	2.199746e+00	2.280354e-03	1.036644e-03	-1.382155e-02
L	-2.008097e+00	3.688403e+00	1477010467900000	-1.865675e+00	3.761906e+00	2.199937e+00	7.602236e-04	3.455661e-04	-6.911322e-03
R	3.805069e+00	1.997055e+00	-9.362331e-01	1477010467950000	-1.755678e+00	3.761925e+00	2.200000e+00	-3.320619e-15	-1.509372e-15	3.537870e-16
